person 0.9959 372 56 508 269
person 0.9761 1 23 131 264
person 0.9055 342 139 396 193
person 0.7588 257 147 289 184
person 0.6240 222 147 266 181
person 0.5807 196 136 222 176
person 0.3545 100 125 140 193
person 0.3530 160 122 206 192
person 0.3084 6 88 134 374
person 0.2906 490 132 499 155
person 0.1870 273 163 292 197
person 0.1570 336 166 352 199
person 0.1527 486 128 499 161
person 0.1038 115 124 136 162
person 0.0866 276 164 288 184
person 0.0588 210 146 245 181
person 0.0555 166 127 203 160
person 0.0519 149 112 217 212
person 0.0516 190 136 224 205
person 0.0436 379 122 415 188
person 0.0426 224 148 288 198
person 0.0402 481 119 499 273
person 0.0392 87 97 127 184
person 0.0313 338 166 351 183
person 0.0272 0 222 27 329
person 0.0220 244 151 312 200
person 0.0212 491 123 499 202
person 0.0196 493 125 499 145
person 0.0184 342 167 354 180
person 0.0153 179 147 391 228
person 0.0135 494 137 499 165
person 0.0125 9 163 131 308
person 0.0122 186 130 204 158
person 0.0109 337 174 347 191
bottle 0.9891 29 145 114 365
bottle 0.5828 344 170 363 207
bottle 0.0307 85 157 133 350
bottle 0.0182 334 173 350 208
bottle 0.0124 351 172 363 195
wine_glass 0.9619 182 212 249 330
wine_glass 0.9556 334 206 391 314
wine_glass 0.7802 116 142 203 364
wine_glass 0.4387 238 181 275 251
wine_glass 0.3575 20 144 146 368
wine_glass 0.2707 316 187 341 218
wine_glass 0.2678 224 178 284 284
wine_glass 0.2412 364 193 383 207
wine_glass 0.2399 316 190 347 249
wine_glass 0.2059 291 188 313 212
wine_glass 0.1828 218 175 272 225
wine_glass 0.1720 317 179 339 206
wine_glass 0.1627 321 182 336 197
wine_glass 0.1576 228 177 265 203
wine_glass 0.1154 222 199 264 276
wine_glass 0.1079 362 195 384 224
wine_glass 0.1030 365 192 387 214
wine_glass 0.1005 278 184 290 198
wine_glass 0.0955 295 185 309 201
wine_glass 0.0901 323 179 335 191
wine_glass 0.0818 97 156 155 344
wine_glass 0.0799 285 185 301 202
wine_glass 0.0561 284 186 304 213
wine_glass 0.0534 336 182 346 200
wine_glass 0.0529 258 184 290 247
wine_glass 0.0492 268 185 282 199
wine_glass 0.0490 318 179 331 191
wine_glass 0.0427 223 189 269 215
wine_glass 0.0347 270 193 293 227
wine_glass 0.0305 305 185 317 200
wine_glass 0.0292 188 185 208 213
wine_glass 0.0281 348 204 388 237
wine_glass 0.0277 237 184 256 199
wine_glass 0.0276 218 179 237 207
wine_glass 0.0267 191 184 206 204
wine_glass 0.0228 264 187 286 218
wine_glass 0.0225 292 192 314 226
wine_glass 0.0149 239 177 254 191
wine_glass 0.0141 277 189 317 246
wine_glass 0.0138 365 192 381 200
wine_glass 0.0136 277 175 289 190
wine_glass 0.0125 273 177 293 208
wine_glass 0.0123 231 193 273 228
wine_glass 0.0117 322 194 339 209
wine_glass 0.0112 245 177 261 190
wine_glass 0.0110 286 184 316 205
wine_glass 0.0110 365 199 389 240
wine_glass 0.0108 221 175 231 188
wine_glass 0.0108 353 202 392 269
wine_glass 0.0107 106 166 223 298
wine_glass 0.0106 229 178 327 219
wine_glass 0.0106 307 194 342 225
cup 0.0272 16 301 129 367
knife 0.7684 429 326 481 376
knife 0.0741 151 322 208 371
knife 0.0433 164 320 204 350
knife 0.0166 401 311 510 323
knife 0.0118 0 356 35 374
spoon 0.4731 114 309 186 363
spoon 0.2199 157 319 200 351
spoon 0.1793 126 293 164 367
spoon 0.0157 146 315 186 375
spoon 0.0114 154 344 202 365
bowl 0.0104 285 262 340 290
pottedplant 0.0238 276 206 333 259
diningtable 0.1844 76 173 492 363
diningtable 0.0394 176 260 478 358
diningtable 0.0146 10 307 182 368
tvmonitor 0.1146 -1 82 33 153
cell_phone 0.0738 375 281 440 300
cell_phone 0.0377 402 124 415 142
cell_phone 0.0136 372 274 427 284
vase 0.0907 282 246 340 289
vase 0.0408 283 243 336 271
