dog 0.9806 108 128 384 269
handbag 0.0726 0 75 123 282
chair 0.9903 73 8 421 365
keyboard 0.5935 381 1 501 93
book 0.5961 30 0 63 59
book 0.4281 10 82 18 106
book 0.3467 28 75 37 96
book 0.3409 59 1 86 43
book 0.3405 10 0 45 63
book 0.3255 2 2 25 72
book 0.3255 81 0 114 33
book 0.3105 0 2 11 70
book 0.3017 7 79 22 108
book 0.2843 19 77 29 98
book 0.2162 42 3 66 49
book 0.2118 15 73 32 103
book 0.1866 105 51 115 69
book 0.1694 46 66 97 85
book 0.1496 12 0 81 58
book 0.1263 95 52 107 69
book 0.1249 82 49 116 69
book 0.1149 16 80 25 105
book 0.1115 24 71 40 98
book 0.0801 23 1 48 55
book 0.0715 47 58 97 79
book 0.0638 1 50 12 67
book 0.0501 33 71 53 95
book 0.0483 25 58 112 99
book 0.0468 1 0 111 85
book 0.0390 0 40 14 73
book 0.0388 85 57 100 70
book 0.0386 415 104 498 169
book 0.0381 43 73 99 93
book 0.0368 22 42 111 86
book 0.0358 0 21 3 55
book 0.0350 80 1 104 25
book 0.0287 36 70 51 86
book 0.0287 0 0 10 43
book 0.0249 7 72 41 103
book 0.0229 1 71 14 119
book 0.0222 12 80 20 97
book 0.0201 2 56 9 71
book 0.0198 2 -3 22 128
book 0.0196 71 1 91 39
book 0.0195 95 10 109 26
book 0.0179 0 5 2 52
book 0.0177 49 0 72 45
book 0.0135 5 80 9 111
book 0.0126 477 72 500 163
book 0.0117 98 2 117 33
book 0.0103 0 44 18 153
book 0.0102 28 72 40 88
