person 0.3625 185 116 316 220
person 0.3033 262 155 371 249
person 0.1283 225 128 348 235
person 0.0832 151 93 272 199
person 0.0803 166 103 242 226
person 0.0402 234 88 320 202
person 0.0313 294 84 337 169
person 0.0244 179 153 327 255
person 0.0218 183 109 259 176
person 0.0215 116 120 246 215
person 0.0162 246 84 283 115
person 0.0151 144 82 351 261
person 0.0128 228 86 297 162
person 0.0126 241 78 281 137
car 0.8446 4 38 62 96
car 0.8044 364 25 421 70
car 0.6677 376 70 422 141
car 0.5057 371 36 422 87
car 0.2149 360 23 420 49
car 0.0619 366 47 422 167
car 0.0530 396 52 421 89
car 0.0159 4 38 65 66
bus 0.9957 14 14 414 464
parking_meter 0.0358 4 108 39 173
parking_meter 0.0186 6 15 44 428
