person 0.9980 38 33 189 493
person 0.8679 148 465 156 485
person 0.8574 215 474 222 492
person 0.8440 253 476 262 493
person 0.8267 197 474 204 491
person 0.8141 209 474 216 492
person 0.8119 185 466 191 488
person 0.7830 178 468 185 487
person 0.7289 159 467 165 486
person 0.6960 135 466 145 487
person 0.5627 128 466 137 486
person 0.5548 118 470 128 486
person 0.5174 169 468 175 487
person 0.3835 285 476 292 492
person 0.2227 169 475 175 489
person 0.1806 178 474 184 489
person 0.1536 110 460 242 490
person 0.1169 148 463 155 475
person 0.0782 188 474 193 489
person 0.0622 196 472 202 487
person 0.0619 130 474 138 490
person 0.0595 129 464 136 474
person 0.0454 262 477 268 492
person 0.0443 125 463 142 489
person 0.0413 303 477 310 489
person 0.0411 160 474 165 489
person 0.0394 291 476 298 489
person 0.0369 -16 455 272 496
person 0.0348 102 469 109 483
person 0.0339 249 477 255 492
person 0.0334 255 475 261 483
person 0.0317 236 478 241 492
person 0.0252 137 464 144 474
person 0.0208 86 470 302 496
person 0.0160 33 462 207 490
person 0.0159 292 472 298 484
person 0.0153 159 465 165 474
person 0.0146 285 471 291 487
person 0.0138 225 476 230 491
person 0.0134 116 464 133 490
person 0.0116 150 475 157 488
car 0.1324 321 478 332 490
car 0.0512 310 477 321 488
car 0.0243 327 480 335 489
car 0.0217 320 473 330 484
car 0.0130 309 473 320 484
