person 0.0788 339 114 342 120
bench 0.3454 0 227 442 369
dog 0.8610 14 116 172 233
dog 0.3817 121 206 285 302
dog 0.0135 65 190 361 352
cow 0.5581 229 159 339 252
cow 0.3210 371 119 376 126
cow 0.2784 356 117 362 125
cow 0.2398 476 117 486 125
cow 0.0324 356 115 361 121
cow 0.0316 370 113 373 118
cow 0.0206 478 115 486 122
backpack 0.0392 62 220 138 296
backpack 0.0192 2 203 120 307
backpack 0.0153 0 279 43 310
backpack 0.0125 0 212 67 323
handbag 0.3494 0 214 66 284
handbag 0.2547 54 220 122 296
handbag 0.0223 0 279 35 311
handbag 0.0160 3 272 58 312
