person 0.9885 199 63 284 211
person 0.9223 79 113 105 152
person 0.6895 12 118 30 148
person 0.5048 333 160 363 228
person 0.4487 484 173 499 203
person 0.3623 388 160 410 185
person 0.3284 455 181 469 194
person 0.0775 403 178 415 187
person 0.0773 0 112 11 152
person 0.0755 467 174 499 202
person 0.0704 380 169 417 189
person 0.0689 338 142 361 184
person 0.0530 324 146 361 214
person 0.0472 49 129 61 148
person 0.0468 490 170 498 194
person 0.0462 1 110 5 155
person 0.0431 378 174 412 226
person 0.0419 11 130 22 148
person 0.0359 381 183 397 192
person 0.0347 413 179 423 186
person 0.0343 431 184 441 193
person 0.0343 381 177 397 188
person 0.0332 2 132 7 151
person 0.0295 474 190 500 313
person 0.0292 475 176 500 251
person 0.0282 391 175 405 186
person 0.0281 28 131 36 146
person 0.0276 51 115 68 148
person 0.0274 404 182 413 192
person 0.0265 390 183 405 192
person 0.0257 141 113 356 205
person 0.0234 6 124 24 152
person 0.0210 376 176 385 187
person 0.0207 475 168 499 196
person 0.0190 436 182 475 199
person 0.0186 369 181 412 198
person 0.0171 334 173 353 225
person 0.0167 425 190 467 208
person 0.0155 15 132 27 148
person 0.0154 377 183 387 192
person 0.0153 0 108 3 137
person 0.0149 398 181 415 219
person 0.0140 481 181 493 196
person 0.0136 430 180 440 187
person 0.0109 454 178 472 200
person 0.0103 365 176 376 186
car 0.2023 465 169 499 193
car 0.0143 281 178 352 221
bench 0.0100 44 240 464 321
bird 0.1002 472 238 499 313
horse 0.9892 141 114 352 310
horse 0.0648 107 105 224 233
horse 0.0446 14 153 495 315
horse 0.0276 84 103 270 297
horse 0.0206 115 163 179 220
horse 0.0149 104 147 335 253
handbag 0.0162 92 135 105 151
chair 0.5542 369 190 409 228
chair 0.2951 352 193 390 229
chair 0.1363 408 194 430 227
chair 0.1022 387 192 410 227
chair 0.0940 414 183 436 191
chair 0.0628 397 191 415 227
chair 0.0600 289 196 333 221
chair 0.0506 416 194 456 225
chair 0.0473 337 191 360 228
chair 0.0437 410 185 430 193
chair 0.0421 438 187 455 193
chair 0.0376 345 208 357 227
chair 0.0305 409 203 445 230
chair 0.0304 281 192 353 228
chair 0.0302 390 194 428 227
chair 0.0281 412 194 427 205
chair 0.0242 418 190 457 208
chair 0.0218 359 193 378 204
chair 0.0190 416 195 436 206
chair 0.0162 356 201 380 229
chair 0.0162 336 207 348 226
chair 0.0158 408 185 431 214
chair 0.0156 402 193 414 206
chair 0.0156 417 181 435 187
chair 0.0142 427 195 451 204
chair 0.0137 283 195 304 223
chair 0.0126 303 205 339 226
chair 0.0118 310 195 335 223
chair 0.0116 427 204 449 229
diningtable 0.0422 286 187 337 212
diningtable 0.0297 377 184 439 196
diningtable 0.0295 355 185 380 193
diningtable 0.0129 407 183 447 196
diningtable 0.0100 441 192 487 206
