person 0.0191 238 213 246 227
person 0.0152 268 220 275 233
car 0.0366 94 214 109 220
car 0.0269 116 216 126 221
car 0.0121 134 218 145 224
car 0.0117 167 223 190 234
car 0.0116 176 225 195 235
train 0.0249 0 196 33 223
train 0.0118 -37 207 172 224
truck 0.3755 192 214 239 239
truck 0.0221 181 202 257 239
boat 0.1485 268 203 434 278
boat 0.0307 178 211 263 244
boat 0.0154 211 226 280 250
bird 0.1788 432 22 436 25
bird 0.0230 430 22 432 25
bird 0.0142 433 20 435 22
bird 0.0117 429 19 432 21
bird 0.0112 368 12 374 21
