person 0.9975 403 69 464 256
person 0.9970 240 107 268 183
person 0.9954 104 73 193 284
person 0.9823 216 106 238 177
person 0.9804 287 102 314 182
person 0.9635 94 107 112 157
person 0.9508 64 112 80 161
person 0.9508 231 111 245 178
person 0.8028 273 101 296 177
person 0.7400 76 109 90 157
person 0.5028 275 109 291 158
person 0.3755 0 97 6 171
person 0.3226 283 73 300 114
person 0.2909 231 104 243 124
person 0.2507 160 8 220 105
person 0.2272 264 113 277 155
person 0.1470 57 102 65 114
person 0.1310 58 103 88 164
person 0.1236 69 103 96 162
person 0.1204 86 106 94 124
person 0.1192 80 105 95 146
person 0.1120 68 102 74 114
person 0.1094 78 107 87 121
person 0.1055 238 107 247 123
person 0.0932 220 101 227 113
person 0.0916 108 108 115 121
person 0.0915 259 110 267 122
person 0.0768 101 108 116 146
person 0.0701 260 111 270 134
person 0.0690 258 116 272 166
person 0.0690 78 103 84 112
person 0.0675 231 102 240 113
person 0.0626 87 102 95 112
person 0.0569 51 102 57 113
person 0.0483 176 11 220 76
person 0.0468 258 109 272 142
person 0.0441 114 107 122 122
person 0.0409 268 115 276 133
person 0.0394 69 105 76 120
person 0.0381 96 110 102 121
person 0.0361 249 107 258 119
person 0.0350 116 102 124 113
person 0.0349 234 111 248 158
person 0.0321 59 105 65 118
person 0.0315 107 102 115 113
person 0.0299 238 113 248 132
person 0.0279 63 96 278 192
person 0.0272 230 108 245 143
person 0.0253 222 104 230 121
person 0.0178 231 117 239 131
person 0.0177 60 70 233 255
person 0.0159 0 113 5 191
person 0.0159 89 94 119 157
person 0.0157 76 103 92 131
person 0.0153 122 100 131 112
person 0.0152 30 99 37 109
person 0.0152 270 111 278 122
person 0.0149 18 99 28 108
person 0.0143 111 106 124 142
person 0.0139 96 102 102 112
person 0.0132 112 112 120 134
person 0.0130 249 104 256 114
person 0.0118 0 99 2 132
person 0.0114 287 96 296 113
person 0.0109 115 75 298 159
person 0.0109 1 97 2 170
bicycle 0.9992 142 165 309 277
bus 0.9749 3 76 53 134
bus 0.0261 0 68 15 171
bus 0.0212 2 61 23 143
bus 0.0178 0 63 28 85
bus 0.0151 0 71 7 140
traffic_light 0.6552 60 74 70 93
traffic_light 0.3130 63 75 73 93
traffic_light 0.0282 56 72 73 98
backpack 0.4296 218 121 232 143
backpack 0.3162 65 118 78 136
backpack 0.0293 63 112 80 141
backpack 0.0148 216 124 223 141
handbag 0.3734 259 114 273 155
handbag 0.1965 95 116 105 134
handbag 0.1697 294 126 313 162
handbag 0.1545 87 116 96 133
handbag 0.1399 278 114 292 172
handbag 0.1388 106 116 113 133
handbag 0.1335 262 133 271 152
handbag 0.1249 282 154 292 177
handbag 0.0910 261 123 270 146
handbag 0.0830 96 127 104 137
handbag 0.0679 66 124 77 138
handbag 0.0644 62 125 69 139
handbag 0.0582 106 125 114 140
handbag 0.0513 281 144 291 163
handbag 0.0504 77 117 85 132
handbag 0.0385 282 149 297 179
handbag 0.0382 230 124 240 142
handbag 0.0294 62 120 70 135
handbag 0.0260 268 124 275 144
handbag 0.0243 409 169 421 194
handbag 0.0242 284 144 294 165
handbag 0.0229 232 134 241 151
handbag 0.0163 305 133 312 157
handbag 0.0161 283 131 297 174
handbag 0.0159 238 125 246 142
handbag 0.0158 87 127 95 139
handbag 0.0151 266 133 275 152
handbag 0.0128 280 136 289 153
handbag 0.0113 106 135 113 150
handbag 0.0103 78 123 85 142
handbag 0.0101 279 125 288 142
