bicycle 0.9876 47 77 380 315
bicycle 0.0385 135 56 359 254
handbag 0.0112 402 234 469 286
bottle 0.0608 235 261 271 319
sofa 0.9406 353 213 500 369
pottedplant 0.0674 0 58 58 218
pottedplant 0.0392 1 98 47 173
pottedplant 0.0265 0 103 62 287
book 0.4503 229 113 241 129
book 0.3771 242 60 247 76
book 0.3754 222 113 230 129
book 0.2663 238 113 249 128
book 0.2497 261 60 267 76
book 0.2491 252 60 257 75
book 0.2271 233 60 238 76
book 0.2249 246 118 262 126
book 0.2159 246 111 261 121
book 0.2080 216 58 274 77
book 0.1774 223 59 228 76
book 0.1762 271 60 276 76
book 0.1371 240 110 252 126
book 0.1359 216 112 222 130
book 0.1335 243 102 264 129
book 0.1172 260 110 274 124
book 0.1153 257 102 275 129
book 0.1022 217 113 251 130
book 0.1019 216 58 222 75
book 0.1002 245 102 265 110
book 0.0943 190 293 236 323
book 0.0670 228 97 241 111
book 0.0501 263 118 277 126
book 0.0466 278 61 282 77
book 0.0412 219 99 233 111
book 0.0349 243 95 265 102
book 0.0312 126 191 132 210
book 0.0290 237 104 254 129
book 0.0274 279 104 287 126
book 0.0245 117 193 124 211
book 0.0237 190 313 242 335
book 0.0212 227 138 240 154
book 0.0212 214 92 234 121
book 0.0186 208 46 284 81
book 0.0171 224 93 245 119
book 0.0166 209 91 275 143
book 0.0165 255 102 272 109
book 0.0157 243 98 283 115
book 0.0151 263 144 271 161
book 0.0143 225 103 245 129
book 0.0141 239 100 250 111
book 0.0134 227 94 242 102
book 0.0132 226 105 264 128
book 0.0125 189 305 229 327
book 0.0110 237 58 289 77
book 0.0109 217 93 232 99
book 0.0106 191 264 236 295
book 0.0104 216 101 234 130
book 0.0103 274 100 290 128
book 0.0103 268 143 275 161
vase 0.7805 106 104 131 152
