person 0.1415 25 351 131 479
bottle 0.0131 79 257 88 274
bottle 0.0129 71 256 81 273
cup 0.0240 80 266 88 277
cup 0.0120 144 316 158 327
cup 0.0116 89 266 97 275
cup 0.0104 71 266 79 277
chair 0.9139 89 246 158 312
chair 0.1867 49 228 101 333
chair 0.1142 22 354 131 499
chair 0.0394 45 243 77 317
chair 0.0173 54 226 94 294
sofa 0.9441 201 251 328 485
sofa 0.1957 36 357 125 499
diningtable 0.2245 55 261 102 329
tvmonitor 0.0119 54 223 94 251
remote 0.0153 131 323 149 336
book 0.7541 207 386 285 430
book 0.1071 141 326 166 337
book 0.0731 140 321 179 338
book 0.0699 216 384 258 411
book 0.0508 239 386 278 417
book 0.0259 160 319 182 328
book 0.0239 151 315 190 331
book 0.0120 126 322 145 338
book 0.0104 255 390 279 414
clock 0.0156 50 149 67 183
vase 0.4226 153 176 162 205
vase 0.1576 239 185 251 205
vase 0.0364 202 185 216 203
vase 0.0195 256 176 265 201
vase 0.0124 258 185 268 208
vase 0.0118 193 174 202 198
vase 0.0108 308 227 318 244
vase 0.0101 241 183 250 199
