person 0.7288 424 195 433 219
person 0.6729 442 196 451 218
person 0.6295 432 195 441 218
person 0.6072 450 195 461 218
person 0.5030 162 194 176 206
person 0.4925 391 197 404 219
person 0.3618 374 189 382 211
person 0.2546 494 189 499 213
person 0.2052 471 192 479 207
person 0.1986 461 199 471 217
person 0.1944 495 196 499 221
person 0.1493 138 192 156 207
person 0.1434 406 194 414 212
person 0.1365 269 199 278 207
person 0.1239 211 195 222 208
person 0.1203 385 201 396 219
person 0.1195 231 196 242 207
person 0.1094 480 192 489 207
person 0.1085 383 195 401 220
person 0.1041 434 194 441 211
person 0.0988 462 194 470 208
person 0.0918 169 193 182 206
person 0.0865 154 196 166 206
person 0.0859 62 122 306 224
person 0.0806 469 199 479 217
person 0.0793 114 191 127 206
person 0.0788 179 193 189 207
person 0.0781 349 201 356 217
person 0.0744 23 112 484 243
person 0.0624 443 196 449 209
person 0.0619 250 194 260 206
person 0.0617 453 194 461 210
person 0.0582 412 195 419 211
person 0.0553 101 192 114 205
person 0.0542 375 189 380 197
person 0.0473 424 195 432 211
person 0.0445 371 188 385 216
person 0.0439 384 193 392 208
person 0.0431 259 197 269 207
person 0.0425 413 198 421 214
person 0.0398 457 194 474 219
person 0.0384 219 195 231 208
person 0.0337 0 187 7 196
person 0.0336 367 193 375 207
person 0.0334 393 196 403 210
person 0.0314 95 193 109 205
person 0.0305 277 198 285 207
person 0.0282 238 194 248 206
person 0.0278 115 130 445 213
person 0.0249 493 186 500 229
person 0.0245 374 198 383 214
person 0.0233 478 198 490 217
person 0.0183 135 191 148 206
person 0.0166 89 190 99 205
person 0.0159 363 201 376 213
person 0.0157 309 196 318 206
person 0.0153 466 193 482 218
person 0.0152 0 214 3 259
person 0.0126 293 127 307 144
person 0.0126 203 196 212 208
person 0.0113 288 127 300 144
person 0.0112 354 201 369 214
person 0.0110 30 164 463 233
person 0.0110 0 209 5 265
person 0.0103 496 205 500 227
person 0.0102 279 135 290 144
car 0.6576 0 209 28 232
car 0.2977 1 197 25 208
car 0.1733 0 195 12 207
car 0.1179 13 197 29 207
car 0.1167 4 201 23 213
car 0.0953 0 197 28 218
car 0.0793 1 202 9 215
car 0.0740 2 212 25 226
car 0.0493 15 202 28 212
car 0.0223 0 213 3 244
car 0.0169 1 207 5 228
aeroplane 0.9313 329 103 498 203
aeroplane 0.0740 370 178 491 214
aeroplane 0.0107 466 178 501 202
bus 0.9981 21 107 354 271
bus 0.0538 345 186 379 213
bus 0.0193 41 148 326 241
truck 0.0314 350 188 387 214
truck 0.0127 491 182 500 221
