person 0.0653 231 148 239 161
person 0.0366 213 149 223 159
person 0.0356 221 149 229 159
person 0.0336 131 125 149 162
person 0.0330 420 169 436 200
person 0.0265 94 147 106 159
person 0.0246 97 129 119 156
person 0.0226 242 137 263 172
person 0.0197 239 145 256 178
person 0.0114 198 144 212 183
person 0.0107 241 146 251 161
person 0.0102 162 134 171 155
person 0.0101 212 139 223 151
motorbike 0.9993 230 150 349 324
motorbike 0.8665 89 157 250 346
umbrella 0.0117 384 149 449 203
umbrella 0.0117 386 150 452 176
chair 0.0341 321 185 345 216
chair 0.0162 426 168 447 199
chair 0.0149 230 164 241 182
chair 0.0146 245 166 264 181
chair 0.0118 419 171 437 205
chair 0.0116 187 163 206 201
chair 0.0101 191 162 202 180
pottedplant 0.0369 110 157 126 169
pottedplant 0.0349 103 156 120 167
diningtable 0.0282 183 156 251 204
diningtable 0.0132 198 159 239 183
