person 0.9999 24 2 447 376
person 0.6907 0 84 48 223
umbrella 0.0233 49 1 392 69
bottle 0.9454 41 105 70 178
bottle 0.9387 88 96 106 161
bottle 0.8781 326 149 350 198
bottle 0.6017 429 159 439 186
bottle 0.0203 301 156 318 191
bottle 0.0173 298 156 311 174
bottle 0.0138 423 159 438 201
cup 0.9982 88 233 173 368
cup 0.8263 14 171 54 227
cup 0.7239 53 176 87 227
cup 0.1618 123 141 134 164
cup 0.0926 106 137 117 164
cup 0.0358 115 140 124 163
cup 0.0246 54 173 75 212
cup 0.0230 74 176 88 225
cup 0.0225 57 174 71 192
cup 0.0194 62 174 78 192
cup 0.0164 15 167 52 197
cup 0.0149 55 173 84 196
cup 0.0140 0 196 15 228
cup 0.0137 40 152 70 176
cup 0.0112 5 200 16 221
cup 0.0101 72 139 84 162
bowl 0.2781 486 212 500 226
bowl 0.0651 363 193 414 213
bowl 0.0231 363 199 399 217
bowl 0.0191 368 204 393 218
