person 0.0243 430 205 446 222
person 0.0122 391 212 407 224
aeroplane 0.9994 20 100 485 242
aeroplane 0.5921 326 196 413 224
aeroplane 0.1570 419 203 477 224
aeroplane 0.0525 -1 158 45 221
aeroplane 0.0483 -1 191 49 222
aeroplane 0.0256 334 201 490 222
aeroplane 0.0255 325 202 381 225
aeroplane 0.0195 435 205 495 224
aeroplane 0.0183 461 200 473 214
aeroplane 0.0160 377 206 419 224
aeroplane 0.0148 272 196 401 227
aeroplane 0.0123 402 206 454 224
truck 0.2429 0 230 27 341
truck 0.0115 0 286 7 340
