person 0.9733 46 153 62 190
person 0.9387 444 156 451 171
person 0.6933 450 157 456 171
person 0.6702 456 166 480 192
person 0.5720 436 157 443 172
person 0.1254 463 163 483 188
person 0.0664 471 166 481 181
person 0.0345 52 153 68 194
person 0.0331 130 151 145 191
person 0.0296 170 155 184 169
person 0.0243 426 157 431 169
person 0.0154 88 154 108 185
person 0.0132 166 154 176 170
person 0.0118 435 164 440 172
person 0.0113 179 155 191 167
train 0.9995 71 87 421 274
train 0.0236 0 125 63 189
traffic_light 0.0136 307 110 316 122
traffic_light 0.0109 338 114 349 128
bench 0.4607 0 178 41 197
bench 0.3464 456 165 489 194
bench 0.0402 495 169 499 193
bench 0.0394 495 164 500 179
bench 0.0325 470 170 481 189
bench 0.0207 29 174 42 189
bench 0.0197 444 165 451 173
bench 0.0187 452 164 458 174
bench 0.0149 495 174 498 205
bench 0.0135 452 177 465 186
bench 0.0126 479 173 489 190
bench 0.0122 491 159 500 204
bench 0.0109 -1 183 31 195
bench 0.0109 42 166 48 175
bench 0.0106 0 178 4 202
bench 0.0102 -2 179 31 188
backpack 0.0365 459 174 473 189
backpack 0.0136 48 157 56 169
handbag 0.0216 57 168 64 177
handbag 0.0156 47 178 59 187
handbag 0.0127 48 163 57 179
