person 0.9545 1 66 30 283
bicycle 0.9421 3 189 40 285
bicycle 0.0606 3 152 26 286
bicycle 0.0529 205 134 312 236
bicycle 0.0324 145 72 358 304
bicycle 0.0129 315 193 331 207
car 0.9843 60 166 152 211
car 0.9601 147 171 183 197
car 0.7665 201 180 214 191
car 0.7371 181 177 197 194
car 0.4825 226 181 239 190
car 0.3427 188 178 203 192
car 0.2898 208 181 219 189
car 0.2713 221 181 234 189
car 0.2578 229 184 240 192
car 0.0479 238 187 269 193
car 0.0441 232 185 273 195
car 0.0390 181 178 213 193
car 0.0351 173 176 182 193
car 0.0342 235 187 257 194
car 0.0182 223 184 233 191
car 0.0167 141 175 152 193
car 0.0140 253 187 272 193
car 0.0107 208 184 218 191
traffic_light 0.0399 235 170 240 176
traffic_light 0.0268 209 130 218 142
traffic_light 0.0174 239 169 244 176
traffic_light 0.0134 222 161 227 169
traffic_light 0.0118 223 169 226 174
cell_phone 0.0116 0 80 3 93
