person 0.9934 25 187 45 234
person 0.9891 197 180 211 228
person 0.1319 261 141 267 154
person 0.0142 0 220 3 246
person 0.0129 0 228 5 254
person 0.0123 0 199 6 265
car 0.1173 22 102 43 109
car 0.0428 9 105 19 109
car 0.0300 17 103 30 108
aeroplane 0.6731 83 64 395 207
aeroplane 0.4698 127 81 204 116
aeroplane 0.2493 125 71 363 159
aeroplane 0.0625 151 88 201 112
aeroplane 0.0494 -10 79 444 257
aeroplane 0.0164 133 87 264 122
aeroplane 0.0143 188 87 291 126
truck 0.5889 2 127 46 143
truck 0.2453 0 130 14 142
truck 0.1746 24 129 45 142
truck 0.1373 1 123 13 132
truck 0.0948 0 137 14 146
truck 0.0444 -1 124 16 146
truck 0.0407 14 132 37 141
truck 0.0330 33 127 46 140
truck 0.0207 5 125 16 132
truck 0.0163 5 132 18 141
truck 0.0118 0 120 47 138
traffic_light 0.0119 389 81 393 87
bench 0.0433 0 241 15 279
dog 0.0112 97 219 111 228
handbag 0.0446 39 213 50 231
handbag 0.0194 40 211 47 219
suitcase 0.0155 34 223 50 234
toilet 0.0128 439 76 497 180
refrigerator 0.0533 375 80 498 184
