person 0.1159 116 193 120 199
person 0.0939 110 193 114 198
person 0.0801 126 196 129 202
person 0.0669 118 195 122 200
person 0.0227 109 195 113 200
person 0.0145 492 206 498 219
person 0.0124 281 190 287 194
person 0.0109 125 193 129 197
boat 0.9946 247 144 343 212
boat 0.8227 361 171 501 273
boat 0.7574 62 109 143 210
boat 0.6820 67 191 131 209
boat 0.1027 154 163 160 165
boat 0.0591 30 181 39 190
boat 0.0590 365 14 502 279
boat 0.0584 63 178 147 208
boat 0.0518 31 186 40 190
boat 0.0376 62 154 150 204
boat 0.0314 365 225 505 273
boat 0.0182 1 181 7 189
boat 0.0177 3 182 20 189
boat 0.0144 70 113 112 202
boat 0.0125 103 174 153 192
