backpack 0.0319 12 222 88 274
chair 0.0625 138 167 175 196
chair 0.0361 135 155 168 188
chair 0.0212 248 254 303 283
chair 0.0157 0 206 25 299
chair 0.0151 197 157 213 169
chair 0.0139 236 162 253 177
chair 0.0106 181 349 251 376
sofa 0.9152 91 178 329 279
sofa 0.1130 144 203 347 298
sofa 0.0577 60 173 366 333
sofa 0.0150 156 231 249 274
sofa 0.0106 244 225 395 303
pottedplant 0.1218 95 97 160 194
pottedplant 0.0573 233 150 256 177
pottedplant 0.0352 121 99 164 183
pottedplant 0.0192 66 96 140 141
pottedplant 0.0177 71 92 142 197
pottedplant 0.0111 236 157 252 174
pottedplant 0.0110 227 131 262 184
diningtable 0.0322 157 166 218 181
diningtable 0.0284 257 234 372 283
diningtable 0.0257 136 160 227 195
diningtable 0.0201 163 171 214 191
remote 0.0211 107 246 146 252
remote 0.0116 103 247 143 254
book 0.1806 90 258 136 274
book 0.0637 384 268 413 291
book 0.0637 93 250 143 271
book 0.0408 102 245 143 257
book 0.0147 387 271 409 286
vase 0.1135 106 174 139 196
