person 0.9711 331 357 358 434
person 0.8569 317 355 344 431
person 0.6402 355 357 373 416
person 0.6205 35 366 44 378
person 0.2373 40 367 49 378
person 0.2230 17 369 23 378
person 0.1615 23 368 31 378
person 0.0902 319 369 338 421
person 0.0657 1 363 6 377
person 0.0636 309 362 324 393
person 0.0635 311 369 320 389
person 0.0573 36 370 44 380
person 0.0551 367 356 376 417
person 0.0445 4 364 10 375
person 0.0267 351 360 365 416
person 0.0253 22 371 30 379
person 0.0168 332 359 338 367
person 0.0163 274 367 282 374
person 0.0151 317 361 335 398
person 0.0141 61 372 74 385
person 0.0106 341 357 350 366
car 0.9973 -2 375 91 435
car 0.9035 270 369 312 390
car 0.5952 44 365 87 394
car 0.2753 302 370 317 386
car 0.2727 36 368 94 416
car 0.1738 42 361 87 381
car 0.1298 270 369 286 389
car 0.0637 302 365 315 376
car 0.0262 69 364 84 374
car 0.0174 273 364 319 383
car 0.0148 267 370 276 389
car 0.0122 70 372 83 385
car 0.0116 285 367 326 389
bus 0.9967 86 323 278 416
traffic_light 0.7702 69 285 81 312
traffic_light 0.5113 52 312 60 330
traffic_light 0.3745 308 317 318 326
traffic_light 0.3240 301 333 310 343
traffic_light 0.3186 6 221 33 284
traffic_light 0.2225 233 279 247 310
traffic_light 0.0695 20 342 29 352
traffic_light 0.0389 3 220 18 290
traffic_light 0.0342 20 222 32 272
traffic_light 0.0290 225 324 234 333
traffic_light 0.0267 346 328 357 341
traffic_light 0.0187 83 348 90 359
traffic_light 0.0185 54 349 61 357
traffic_light 0.0144 302 328 311 341
traffic_light 0.0136 311 323 319 337
traffic_light 0.0108 2 353 9 366
traffic_light 0.0104 313 294 319 306
traffic_light 0.0101 296 333 304 344
fire_hydrant 0.9967 104 417 130 480
handbag 0.0936 335 366 354 410
handbag 0.0363 324 398 336 421
handbag 0.0263 321 369 331 389
handbag 0.0247 338 381 352 398
handbag 0.0202 320 383 334 394
tvmonitor 0.0127 110 167 172 227
