person 0.9969 314 85 487 317
person 0.9947 52 85 121 264
person 0.7499 481 52 498 221
person 0.0697 472 20 501 252
person 0.0618 444 66 497 212
person 0.0335 440 79 473 165
person 0.0331 486 91 498 257
person 0.0307 449 89 486 158
backpack 0.4298 284 170 321 220
backpack 0.0237 295 167 333 222
tie 0.0123 401 143 429 212
bottle 0.2122 364 18 373 41
bottle 0.0187 358 19 367 39
bottle 0.0141 174 81 187 96
chair 0.2597 247 167 284 227
chair 0.1674 451 99 487 174
chair 0.1603 444 84 496 228
chair 0.0524 333 134 376 231
chair 0.0354 316 160 346 225
chair 0.0209 320 171 341 214
chair 0.0146 493 101 499 225
chair 0.0123 318 159 341 184
diningtable 0.0103 249 165 312 226
cell_phone 0.0271 488 43 498 90
cell_phone 0.0234 494 55 499 79
cell_phone 0.0224 495 64 499 87
cell_phone 0.0112 496 73 500 97
refrigerator 0.0117 -3 30 362 193
book 0.0527 200 69 264 136
